w_ref = 2*pi*60;
kp = 2.93;
ki = 700;
L = 2e-3;
kpi = 4;
kii = 600;
kpv = 0.0011508;
kiv = 0.077471;